0 0.175781 0.397222 0.029687 0.022222
0 0.104688 0.379167 0.028125 0.019444
0 0.192188 0.568056 0.040625 0.030556
0 0.385937 0.625000 0.028125 0.033333
0 0.430469 0.568056 0.032813 0.025000
0 0.400781 0.515278 0.032813 0.025000
0 0.239063 0.423611 0.031250 0.019444
0 0.266406 0.526389 0.035937 0.019444
0 0.300000 0.472222 0.034375 0.022222
0 0.310937 0.488889 0.031250 0.022222
0 0.378125 0.418056 0.031250 0.025000
0 0.416406 0.319444 0.020313 0.022222
0 0.665625 0.644444 0.031250 0.027778
0 0.745313 0.720833 0.037500 0.030556
0 0.912500 0.740278 0.040625 0.025000
0 0.780469 0.509722 0.023438 0.025000
0 0.950000 0.300000 0.018750 0.016667
0 0.963281 0.275000 0.017188 0.016667
