3 0.622204 0.723647 0.292332 0.205128
3 0.209265 0.566952 0.099042 0.079772
3 0.403355 0.447293 0.055911 0.051282
3 0.603834 0.538462 0.127796 0.096866
3 0.835463 0.447293 0.099042 0.062678
3 0.543131 0.408832 0.067093 0.042735
3 0.647764 0.371795 0.068690 0.037037
3 0.052716 0.484330 0.038339 0.056980
3 0.253195 0.380342 0.055911 0.042735
3 0.308307 0.363248 0.044728 0.031339
3 0.261981 0.337607 0.025559 0.025641
3 0.956869 0.341880 0.063898 0.034188
3 0.677316 0.317664 0.022364 0.025641
3 0.413738 0.321937 0.028754 0.022792
3 0.491214 0.356125 0.039936 0.034188
3 0.438498 0.297721 0.027157 0.025641
3 0.483227 0.326211 0.023962 0.019943
3 0.821086 0.351852 0.086262 0.042735
3 0.345847 0.311966 0.020767 0.019943
3 0.929712 0.303419 0.038339 0.019943
3 0.928914 0.235043 0.023962 0.008547
3 0.909744 0.230769 0.027157 0.011396
3 0.754792 0.232194 0.027157 0.008547
