3 0.489595 0.668017 0.640412 0.430941
2 0.115574 0.815008 0.102260 0.068287
1 0.111658 0.891397 0.066234 0.025849
1 0.149922 0.880208 0.022824 0.014275
1 0.264265 0.895062 0.126650 0.034722
1 0.372007 0.873071 0.062878 0.043210
1 0.457485 0.883488 0.081226 0.053241
1 0.550347 0.888310 0.038264 0.014275
1 0.573842 0.909336 0.117923 0.030093
1 0.618147 0.886767 0.078094 0.044367
1 0.732602 0.880015 0.053256 0.040895
1 0.756209 0.896605 0.044081 0.052469
1 0.896174 0.891590 0.087268 0.048611
1 0.982994 0.904128 0.034012 0.048225
0 0.839338 0.848958 0.049676 0.082948
2 0.961065 0.845872 0.077870 0.106096
