4 0.190625 0.526932 0.212500 0.074941
4 0.853125 0.448478 0.106250 0.044496
4 0.972656 0.501171 0.054688 0.037471
4 0.830469 0.633489 0.070312 0.035129
4 0.690625 0.540984 0.090625 0.042155
4 0.587500 0.482436 0.096875 0.042155
4 0.978906 0.399297 0.042188 0.025761
4 0.887500 0.374707 0.040625 0.018735
4 0.421875 0.382904 0.065625 0.025761
4 0.469531 0.411007 0.054688 0.021077
4 0.518750 0.446136 0.056250 0.025761
4 0.642969 0.367681 0.051562 0.018735
4 0.704688 0.393443 0.037500 0.018735
4 0.775000 0.418033 0.059375 0.030445
4 0.819531 0.355972 0.023438 0.014052
4 0.977344 0.343091 0.035937 0.016393
