4 0.141667 0.543702 0.096667 0.074550
4 0.438333 0.649100 0.033333 0.038560
4 0.372500 0.560411 0.041667 0.041131
4 0.325000 0.503856 0.045000 0.041131
4 0.292917 0.467866 0.025833 0.025707
4 0.448333 0.469152 0.048333 0.043702
4 0.506667 0.520566 0.031667 0.038560
4 0.616250 0.489717 0.034167 0.033419
4 0.269583 0.434447 0.024167 0.020566
4 0.248333 0.407455 0.030000 0.028278
4 0.349167 0.392031 0.021667 0.017995
4 0.411250 0.438303 0.024167 0.028278
4 0.555833 0.451157 0.026667 0.028278
4 0.509167 0.421594 0.023333 0.025707
4 0.782083 0.437018 0.022500 0.025707
4 0.689583 0.467866 0.025833 0.025707
4 0.587500 0.593830 0.018333 0.025707
4 0.595000 0.407455 0.023333 0.023136
4 0.632083 0.434447 0.024167 0.025707
4 0.667917 0.393316 0.022500 0.025707
4 0.706250 0.546272 0.022500 0.028278
4 0.874167 0.484576 0.021667 0.023136
4 0.791250 0.514139 0.022500 0.025707
4 0.378333 0.415167 0.018333 0.017995
