4 0.303947 0.597222 0.062281 0.097953
4 0.089912 0.527778 0.046491 0.043860
4 0.744298 0.594298 0.109649 0.127193
4 0.925439 0.535088 0.049123 0.049708
4 0.214474 0.502193 0.020175 0.021930
4 0.366228 0.530702 0.013158 0.038012
4 0.654825 0.539474 0.018421 0.038012
4 0.610526 0.503655 0.014035 0.036550
4 0.822807 0.510234 0.019298 0.026316
4 0.590789 0.488304 0.009649 0.029240
4 0.750439 0.491959 0.011404 0.016082
4 0.705263 0.479532 0.010526 0.014620
4 0.670614 0.466374 0.016667 0.020468
4 0.270175 0.486842 0.010526 0.014620
4 0.402193 0.501462 0.009649 0.020468
4 0.299561 0.474415 0.009649 0.019006
4 0.327632 0.464181 0.009649 0.019006
4 0.419737 0.483187 0.007895 0.024854
